0 0.172844 0.445836 0.119137 0.148734
0 0.465871 0.362876 0.109809 0.150367
5 0.491137 0.63782 0.191199 0.715175
5 0.142887 0.682361 0.176838 0.627803
5 0.20234 0.682001 0.304016 0.627868
7 0.146358 0.775427 0.155123 0.449145
4 0.505952 0.675704 0.152837 0.453777
5 0.661599 0.603722 0.0284246 0.0939192
0 0.172844 0.445836 0.119137 0.148734
0 0.465871 0.362876 0.109809 0.150367
5 0.491137 0.63782 0.191199 0.715175
5 0.142887 0.682361 0.176838 0.627803
5 0.20234 0.682001 0.304016 0.627868
7 0.146358 0.775427 0.155123 0.449145
4 0.505952 0.675704 0.152837 0.453777
5 0.661599 0.603722 0.0284246 0.0939192
