2 0.529364 0.135864 0.254276 0.171773
5 0.538062 0.489111 0.432588 0.939669
5 0.32181 0.530546 0.631411 0.920723
5 0.829083 0.703376 0.340095 0.593247
5 0.626779 0.503359 0.240873 0.988054
5 0.255124 0.508141 0.441282 0.965038
5 0.825731 0.56056 0.345952 0.843449
5 0.574983 0.50471 0.289091 0.99058
5 0.364305 0.509656 0.302557 0.96246
2 0.529364 0.135864 0.254276 0.171773
5 0.538062 0.489111 0.432588 0.939669
5 0.32181 0.530546 0.631411 0.920723
5 0.829083 0.703376 0.340095 0.593247
5 0.626779 0.503359 0.240873 0.988054
5 0.255124 0.508141 0.441282 0.965038
5 0.825731 0.56056 0.345952 0.843449
5 0.574983 0.50471 0.289091 0.99058
5 0.364305 0.509656 0.302557 0.96246
