0 0.176581 0.444701 0.131981 0.134363
0 0.465726 0.353358 0.111185 0.122371
5 0.195819 0.685208 0.310122 0.629585
7 0.146633 0.742012 0.160858 0.406315
5 0.468291 0.639924 0.223774 0.720153
7 0.49801 0.670659 0.162957 0.453918
3 0.187646 0.555433 0.0394925 0.0492545
0 0.176581 0.444701 0.131981 0.134363
0 0.465726 0.353358 0.111185 0.122371
5 0.195819 0.685208 0.310122 0.629585
7 0.146633 0.742012 0.160858 0.406315
5 0.468291 0.639924 0.223774 0.720153
7 0.49801 0.670659 0.162957 0.453918
3 0.187646 0.555433 0.0394925 0.0492545
